2037 2132 2076 2243 2203 2182 2267 2020 2109 2188 2192 2133 2293 2002 2022 2066 1981 2174 2194 2175 2159 2099 2114 1977 2359 2035 2070 2074 2135 1935 2307 2049 1986 1888 2211 1913 1920 2056 2026 2208 2338 2227 1983 2012 2228 2310 2083 2188 1740 1976 2340 2236 2024 2176 2030 2019 2182 1566 1986 1825 2286 1908 2090 1878 1916 1907 2328 2258 1902 1843 2026 2318 1887 2042 1938 2269 1768 1886 1761 2287 1935 2049 2036 1982 2023 2034 2071 1985 1967 2077 2019 2197 1951 1900 1894 1995 2027 2314 2109 1845 
1842 2125 2162 2336 2085 2065 2212 2002 2042 2257 2158 2193 2379 1958 2132 2073 2051 2145 2102 2239 2282 2066 1916 2140 2336 2056 2094 1901 2089 1953 2233 1875 2093 1928 2191 1926 1922 2020 1955 2314 2048 2278 1956 1991 2186 2298 2064 2115 1804 2115 2117 2250 2088 2196 2214 2014 2164 1857 1800 1930 2228 2024 2198 1815 1985 1959 2258 2082 1951 2030 1907 2185 1949 2406 1999 2300 1918 2078 1644 2188 2245 2081 2176 2051 2055 2011 1889 1850 2077 2152 2035 1840 1910 1865 2030 2036 1983 2172 2208 1932 
1827 2087 1931 2122 2039 1912 2025 1711 1963 2054 2134 2143 2075 1730 2084 1999 1984 1987 2033 1982 2009 1875 1860 1848 2068 1826 1874 1851 2077 1803 2138 1694 2020 1997 1990 1759 1665 1919 1847 2075 2099 2041 1676 1761 2091 2033 1891 1982 1566 1821 2000 2031 1944 1964 1970 1814 2064 1527 1673 1939 2141 1864 1758 1587 1856 1648 2133 2034 1800 1722 1824 2114 1763 2087 1726 2052 1824 1899 1624 2141 2039 1902 1879 1789 1876 1773 1777 1866 2061 2040 2086 1891 1729 1671 1697 1903 1854 2054 2175 1689 
2069 2267 2282 2349 2378 2282 2404 2135 2028 2498 2432 2284 2367 2056 2225 2327 2165 2093 2309 2319 2218 2239 2149 2203 2176 2188 2136 2103 2277 2038 2345 1982 2237 2276 2252 2154 2017 2289 2457 2268 2218 2335 2097 2165 2257 2374 2133 2383 1943 2249 2269 2276 2080 2408 2088 2082 2195 1783 2049 2207 2363 2152 2163 1818 1948 1898 2459 2386 2079 2043 2166 2463 2196 2395 2114 2385 2092 2236 1836 2351 2282 2080 2312 2084 2370 2035 2201 2199 2329 2332 2452 2239 2075 1867 2027 1942 2028 2472 2445 2116 
1924 2086 1826 2064 2128 1935 2123 1773 1862 2006 1946 2003 2200 1838 2000 2014 1932 1813 1829 2064 1935 1985 1683 2010 2010 2005 1808 1901 2115 1740 2065 1700 1915 1807 1984 1750 1562 1913 1797 2005 1903 1997 1928 1782 1924 2123 1795 1994 1675 2024 2021 2029 1692 2006 1773 1927 2127 1628 1676 1945 2171 1950 1849 1739 1771 1820 2060 1882 1750 1853 1956 1975 1934 2175 1679 1991 1898 1880 1514 2016 2088 1912 2081 1862 1993 1725 1819 1762 1895 1961 1976 1840 1720 1682 1601 1806 1790 2147 1889 1738 
1668 1922 1863 1999 1883 1806 2078 1693 1796 1928 1884 1973 1989 1636 1977 1926 1862 1728 1811 1894 1999 1938 1783 1649 1990 1808 1863 1703 1916 1600 1866 1547 1825 1627 1935 1556 1513 1820 1887 1964 1928 1951 1794 1743 1957 1895 1588 1837 1558 1957 1895 1955 1738 1860 1781 1589 2041 1521 1738 1786 2022 1776 1731 1680 1802 1555 1987 1894 1704 1756 1692 1971 1832 2122 1738 2182 1517 1752 1420 2130 1887 1803 1838 1815 1699 1635 1641 1610 1854 1910 1750 1623 1537 1597 1666 1789 1715 1907 1877 1735 
2124 2364 2284 2413 2311 2189 2208 2108 2220 2329 2200 2385 2503 2124 2184 2220 2269 2307 2209 2345 2254 2160 1995 2200 2400 2017 2211 2171 2258 1993 2327 1963 2248 2034 1969 1967 1961 2358 2155 2340 2132 2327 2128 1997 2217 2322 2020 2387 1830 2440 2168 2361 2169 2369 2180 2185 2362 1823 2145 1982 2361 2190 2203 1851 1953 1967 2371 2090 1979 2118 2014 2393 2166 2450 2111 2406 2058 2041 1752 2288 2343 2134 2245 2111 2202 2062 2192 1994 2237 2179 2316 2004 2080 1938 2012 2120 2031 2462 2285 1995 
1949 2068 2015 2040 2022 2090 2284 1855 2032 2131 2196 2176 2249 1931 1906 2029 1981 1896 2045 2087 2060 1975 1880 2094 2149 1956 1886 1839 2016 1801 2157 1758 1984 1893 1941 1794 1831 1864 1979 2007 1926 2233 2067 1928 2070 2397 1942 2164 1891 1992 2191 1977 1926 2202 2053 1928 2029 1528 1957 1941 2140 1903 2002 1901 1849 1797 2083 2266 1783 1938 1885 2049 1970 2180 1874 2233 1774 2177 1545 2049 2173 1937 2161 1913 2023 2075 2067 2001 2019 2027 2031 1915 2011 1723 2004 1821 1776 2224 2098 1864 
1999 2244 2283 2612 2214 2383 2259 2053 2096 2594 2432 2538 2568 2147 2302 2281 2201 2102 2232 2392 2296 2081 2267 2235 2436 2222 2218 2157 2151 2189 2420 2205 2318 2057 2345 2001 2118 2261 2265 2417 2285 2339 2236 2212 2489 2541 2115 2209 1949 2397 2445 2503 2184 2505 2275 2200 2254 1860 2081 2111 2532 2191 2121 2047 2233 2077 2409 2441 1926 2252 2220 2394 2098 2535 2267 2480 2060 2177 1778 2248 2216 2222 2539 2096 2293 2115 2032 2128 2291 2445 2201 2058 2175 1930 2133 2101 1997 2445 2360 2101 
1978 2144 2006 2157 2051 1811 2224 1961 1761 2096 2065 2055 2015 1905 1993 2060 1871 1880 1969 2121 1990 2107 1768 2059 1884 1913 1879 1957 1998 1776 2114 1801 1906 1815 2047 1807 1819 1949 1873 1991 2205 2076 1717 1885 1995 2208 1992 2108 1689 1902 2051 2125 1739 2028 1893 1821 1824 1527 1898 2056 2098 1886 1774 1726 1836 1717 2112 2042 1893 1889 1810 1989 1986 2061 1801 2030 1784 1953 1565 2049 2079 2063 2065 1830 1967 1912 1971 1983 2039 1978 2014 1684 1872 1577 1773 1952 1788 2076 2193 1912 
2090 2103 1973 2221 2158 2078 2183 1856 1897 2159 2220 2123 2155 2104 2000 2104 2044 1957 1944 2069 1952 2026 1927 1944 2173 1911 1903 2010 1856 1768 2187 1921 1986 1991 2063 1711 1925 2085 1985 2177 2063 2204 2065 2176 2084 2236 1894 2195 1850 2134 2304 2184 1876 2079 1964 1967 1994 1539 2124 1945 2254 2074 2015 1944 1725 1917 2121 2026 1726 1952 1761 2087 1911 2276 1988 2317 1925 1855 1619 2129 2145 2068 2154 1857 2059 1987 2103 1814 2074 1957 2036 1914 1846 1813 1770 1792 1767 2244 2017 1904 
1933 1926 2118 2073 1960 2027 2108 1975 1810 2119 2095 2167 2249 1888 2125 2123 1958 1924 2036 1910 2113 1870 1969 2043 2047 1822 1826 1824 2036 1765 2202 1792 1983 2008 2108 1959 1902 1787 1825 2114 2069 1926 1854 1767 2070 2049 1970 2079 1732 1933 2066 2014 1794 1978 1923 1924 2000 1528 1860 1939 2164 1945 1891 1775 1893 1635 2090 2069 1757 1879 1745 2119 1788 2135 1836 2156 1753 1923 1635 2049 2021 1797 2034 1785 1917 1894 1925 1843 2072 2287 1832 1872 1774 1722 1690 1973 1758 2114 2036 1776 
1954 2045 1942 2271 2230 1988 2200 2007 1879 2218 2123 2100 2175 1885 1909 2087 1989 1897 1927 2044 2040 2086 1958 2038 2000 1929 1952 1948 2009 1810 2133 1819 2015 1886 2031 1690 1877 2042 2006 2292 1999 2185 1973 1944 2083 2252 1788 2192 1730 2038 2186 2157 1928 2109 1955 1886 2128 1575 1931 1897 2334 2065 1966 1848 1844 1816 2164 2223 1647 1931 1830 2230 1930 2181 2051 2281 1767 1996 1536 2175 2170 1913 2114 1902 2096 1941 2097 1913 2081 1990 2218 1943 1844 1737 1768 1851 1718 2256 2104 1803 
2096 2301 2302 2509 2228 2036 2591 2124 2271 2452 2417 2528 2580 2108 2443 2170 2167 2149 2202 2277 2273 2372 1943 2219 2389 2263 2133 2112 2233 1996 2366 1908 2168 2134 2272 1991 1884 2364 2238 2334 2521 2395 2252 2326 2278 2520 2144 2386 2234 2185 2455 2335 2138 2458 2207 2152 2340 1944 2026 2171 2361 2223 2162 2001 2115 2077 2421 2445 2007 2269 2089 2365 2223 2454 2335 2486 2175 2225 1841 2274 2571 2189 2298 2068 2263 2207 2094 2132 2365 2393 2213 2011 2003 1874 2278 2189 2060 2319 2379 2231 
1944 2271 2249 2383 2093 2136 2266 1943 2149 2317 2313 2437 2482 2099 2130 2146 2247 2161 2172 2218 2296 2077 2006 2009 2378 2062 2217 2137 1908 1969 2349 1955 2241 2157 2165 1935 2061 2050 2152 2318 2322 2038 2014 2083 2220 2417 2029 2311 1912 2100 2423 2224 2016 2305 2228 2041 2138 1788 1938 1996 2303 2073 1957 1951 1921 1896 2255 2126 1987 2075 2129 2277 1955 2172 1997 2207 1864 2187 1644 2030 2112 2089 2299 1990 2161 1995 2056 2140 2164 2185 2128 2041 1970 1795 1993 2070 1982 2307 2202 1997 
2050 2093 2152 2184 2159 1975 2198 1995 1982 2300 2097 2253 2227 2031 2091 2185 1972 2066 2047 2145 2054 1820 2019 2021 2066 1915 1847 1895 1986 1981 2197 1810 2130 1973 2080 1943 1828 2067 2156 2250 2252 2104 1922 1851 2210 2252 1942 2144 1741 2114 2131 2020 1909 2216 1929 1999 2108 1659 1965 1991 2362 2161 1936 1724 1974 1793 2176 2199 1881 1945 1829 2126 1871 2220 1975 2249 1980 2106 1549 2175 2093 2000 2213 1803 2134 2124 1944 1984 1976 2197 2015 2010 1896 1915 1819 1927 1863 2199 1997 1971 
1798 2054 2116 2444 2186 2088 2146 2018 2089 2276 2280 2403 2373 1973 2130 2179 2213 2136 2205 2158 2124 2177 2018 2006 2365 2042 1979 2073 1980 1984 2359 1981 2223 1994 2275 1822 2014 2183 2079 2409 2289 2376 2193 2034 2110 2389 2115 2158 1957 2091 2293 2174 2062 2123 2208 1974 2161 1784 2008 1926 2400 2157 2133 1957 2004 1904 2223 2153 1919 1995 2029 2353 2103 2245 2047 2161 2030 2156 1727 2240 2305 2192 2123 2003 2139 2041 2000 2069 2188 2171 2184 1986 1919 1833 2046 2040 1988 2384 2178 1932 
2173 2207 2303 2396 2191 2243 2289 2065 2150 2361 2489 2416 2512 1942 2183 2371 2169 2225 2441 2217 2232 2137 2121 2175 2429 2220 2060 2058 2266 1973 2329 2080 2287 2036 2221 2090 2184 2263 2409 2246 2300 2268 2160 2127 2269 2314 2135 2234 2041 2227 2600 2312 2145 2374 2255 2104 2279 1866 2227 2084 2405 2131 2080 1963 2049 1957 2379 2333 1993 2086 2058 2457 2156 2480 2151 2388 2040 2229 1823 2238 2296 2145 2280 2081 2137 1984 2046 2049 2310 2352 2041 2119 1981 1915 1987 2065 2016 2379 2321 2032 
1856 1931 2134 2145 2159 1908 2217 1866 1826 1907 2188 2067 2262 1786 2090 1985 1850 1986 2045 2056 1948 1985 1912 1936 2062 1951 1856 1950 1962 1808 2064 1789 1926 1872 2074 1877 1819 2142 2107 2135 2038 2123 1969 1940 2112 2263 2049 2009 1777 2008 2119 2042 1948 2069 1911 1872 2092 1534 1880 1909 2145 1782 1800 1845 1847 1787 2151 2102 1771 1861 1780 2207 1981 2090 1918 2214 1619 1927 1461 2065 1959 2045 2066 1893 2107 1791 1889 2019 1967 1882 2002 1961 1887 1641 1812 1779 1755 2074 2262 1857 
1954 2148 2084 2172 2207 1984 2144 1848 1994 2098 2197 2103 2307 1895 2060 2023 1976 1955 2168 2098 2095 1940 2025 1992 2171 1957 2072 1794 2069 1874 2224 1798 2035 1955 2024 1884 1798 1888 1883 2269 2082 2191 1996 1987 2043 2359 1937 2042 1801 2110 2294 2105 1879 2128 1962 1833 2139 1709 1878 1753 2299 1967 1820 2003 1776 1764 2207 2096 1771 2017 1902 2226 2017 2167 1915 2282 1833 2078 1710 2088 2214 1995 2238 2117 2023 1897 1962 2007 2121 2032 1999 1994 1957 1908 1884 2005 1924 2261 2060 1740 
1915 2026 1946 2289 2071 1990 1977 1832 1734 2029 2080 2139 1952 1702 2051 1920 2036 1868 2050 2078 2040 2114 1889 2073 1997 1843 1912 1815 1960 1829 2066 1786 2170 1892 1912 1740 1794 1892 1919 2007 1893 1924 1898 1961 1967 2120 1725 2081 1682 2081 2094 1915 1802 2034 1931 1753 2013 1623 1774 1918 2210 1904 1854 1624 1766 1730 2152 2111 1742 1922 1852 2079 1884 2203 1784 2166 1666 1862 1362 2077 2106 1822 1929 1981 1994 1894 2102 1774 1948 2197 2041 1803 1825 1808 1797 1985 1652 2014 2073 1969 
1654 1866 1901 2021 1912 1958 1940 1642 1871 2042 2072 2024 2132 1718 1936 2012 1827 1800 1732 1843 1884 1881 1795 1816 2103 1674 1855 1827 1786 1628 1919 1661 1867 1779 1871 1596 1752 1878 1801 2213 1827 1894 1801 1769 1761 2133 1606 1865 1452 1828 2008 1936 1778 1956 1867 1652 1809 1515 1716 1774 2071 1752 1817 1727 1726 1668 1954 1877 1524 1754 1783 1932 1761 1910 1803 1891 1560 1753 1485 1846 1861 1773 1957 1892 1808 1601 1897 1700 1812 1842 1945 1696 1623 1698 1729 1668 1753 1956 1931 1645 
1912 2265 2139 2323 2199 2043 2222 2063 1987 2316 2234 2438 2359 2071 2296 2183 2115 2063 2213 2245 2431 2230 2028 2264 2227 2090 2072 2137 2232 2059 2283 1902 2056 2057 2158 1999 1833 2228 2016 2346 2205 2256 2061 1964 2303 2333 2129 2258 1883 2010 2374 2247 2223 2144 1945 2209 2096 1756 1956 2062 2410 1938 2136 1978 1964 1759 2370 2220 1950 2085 1995 2321 2107 2239 1936 2254 1793 2195 1572 2344 2313 1878 2256 2195 2047 2235 2155 2118 2154 2349 2072 2052 2018 1750 2113 2096 2023 2390 2212 1799 
1891 2076 1994 2178 2068 2164 2297 1851 1981 2203 2073 1958 2121 1846 2009 1968 2001 2084 2049 2131 2119 2005 1955 2041 2193 1833 1878 1867 2049 1871 2087 1879 1938 1903 1949 1710 1655 1938 2096 2097 1939 2181 2030 1961 2043 2289 1858 2051 1591 2093 2173 2064 1861 2128 1881 2064 2231 1607 1751 1935 2390 1913 1904 1770 1916 1846 2148 2215 1715 1959 1963 2163 1824 2194 1839 2161 1721 1990 1639 2100 2089 1978 1991 1890 2019 1939 1897 2092 2134 1892 2209 1992 1835 1719 1891 1879 1722 2120 2065 1839 
2096 2047 2022 2248 2242 2019 2365 2045 1919 2336 2023 2301 2257 2046 2047 2185 2025 2020 2051 2226 2158 2163 2063 2162 2083 2018 1995 2028 2162 1867 2214 1890 2085 1918 2130 1881 1833 2069 2055 2179 2145 2328 1915 1962 2070 2321 1961 2112 1846 2042 2120 2289 1783 2247 1915 2061 2206 1657 1884 2021 2292 1958 1919 1770 2024 1841 2193 2148 1787 2122 2023 2155 2117 2368 1854 2085 1873 2061 1649 2186 2177 2104 2202 1889 2023 1996 2016 1900 2174 2131 2072 1866 2026 1862 1989 1877 2019 2231 2247 1944 
1987 2218 2103 2492 2172 2228 2275 2015 2033 2330 2187 2326 2393 2133 2182 2182 2215 2160 2266 2293 2191 2112 2119 2219 2339 2049 1972 2054 2035 2049 2350 1993 2190 1961 2132 1832 1931 2035 2138 2302 2121 2302 2278 2154 2234 2581 2086 2329 1844 2226 2495 2317 2051 2166 2065 2181 2073 1928 2017 1856 2453 2263 2174 2042 2007 2020 2337 2233 1888 2133 2168 2320 2123 2318 2078 2338 1990 2196 1688 2232 2303 2051 2156 2121 2124 2154 2149 2003 2190 2209 2172 2073 2064 1905 2216 2027 1992 2378 1994 1789 
1927 2207 2277 2215 2289 2109 2267 1975 2068 2295 2281 2229 2336 1841 2349 2194 1975 2030 2043 2342 2320 2070 2025 2251 2210 2145 2065 2054 2183 1865 2215 1880 2109 2051 2151 2193 1875 2225 2178 2352 2198 2339 2110 1924 2325 2207 2050 2117 1884 2348 2455 2219 2169 2181 1867 2046 2318 1724 2008 1994 2309 2008 2067 1905 1860 1774 2427 2237 1900 2225 2005 2242 2004 2183 2118 2265 1882 2082 1611 2120 2214 1880 2252 2132 2107 1925 2041 2083 2136 2109 2093 2038 2045 1794 1837 1900 2061 2300 2357 1992 
1994 2194 1940 2245 2089 2133 2171 1961 2032 2233 2091 2250 2166 1913 2064 2114 2179 2001 1845 1919 2062 1976 1962 1991 2087 2112 2060 2032 2041 1824 2309 1823 2111 1829 2099 1762 1927 1886 1866 2121 2302 2333 2077 2066 2100 2325 1911 2054 1809 2170 2109 2055 1862 2166 1935 1865 2001 1584 1799 1736 2292 2000 1824 1735 1951 1914 2157 2123 1773 1985 1989 2135 1796 2057 1876 2275 1772 1921 1685 2177 2095 1982 2143 1879 1957 1992 1995 1942 2076 2083 2057 1910 1863 1858 1944 2064 1911 2235 2138 1822 
2076 2178 1993 2256 2086 2110 2172 1969 2003 2035 2139 2232 2141 1875 2089 2067 2029 2108 1981 2060 2224 2043 1852 2074 2210 2002 1807 1916 2012 1845 2091 1798 1921 2053 1917 1874 1949 2004 2085 2133 2128 2215 1959 1933 2071 2344 1950 1961 1816 2134 2088 2174 1958 2109 1920 1893 2171 1640 1882 2048 2336 2010 1726 1839 1874 1809 2192 2079 1797 2026 1820 2004 1873 2257 2113 2016 1816 1910 1652 1990 2119 1873 2041 1931 2049 1896 2069 2006 1970 2019 1921 1887 1909 1899 1886 1930 1872 2187 2199 1939 
1852 1996 2004 2339 2147 1953 2092 1968 1934 2193 2121 2141 2127 1893 2142 2019 2056 1902 2100 1978 2042 1954 1971 1890 2105 2097 1904 1909 1864 1733 2258 1784 1954 2142 2174 1892 1752 2030 1938 2127 2147 2068 1998 2029 2157 2258 1925 2122 1879 1978 2284 2099 1806 2155 1899 1988 1885 1758 1907 1800 2137 2043 1824 1761 1967 1842 2214 2071 1778 1836 1920 2164 1935 2196 1835 2186 1904 2053 1553 2080 2101 1963 2229 1864 2087 2040 1954 1923 2115 2069 2157 2030 2004 1652 1786 1845 1708 2008 1964 1790 
1899 2059 2131 2335 2058 2095 2120 1807 1900 2069 2115 2193 2340 1952 2241 2179 2045 1936 2025 2192 2080 1903 2169 2130 2138 1864 1916 1708 2051 1801 2114 1851 2065 1847 2155 1942 1837 1897 1893 2118 2162 2099 1922 1840 2106 2281 1786 1963 1655 2010 2031 2052 1807 2030 2016 1989 2031 1643 1805 1927 2323 2052 1889 1779 2067 1691 1988 2089 1816 2001 2105 2137 1911 2247 1791 2113 1865 2066 1622 2098 1918 2035 2016 1970 1918 1856 1711 1813 1966 2137 2056 1902 1787 1763 1762 1932 1751 2076 2183 1880 
1937 2325 2253 2291 2265 2170 2244 1953 2234 2163 2223 2298 2292 1941 2235 2230 2009 2178 2200 2236 2135 2162 1858 2149 2325 1902 2102 1989 2195 2044 2350 1812 2107 2072 2049 1843 1932 2040 2054 2171 2113 2260 1843 1820 2326 2305 2091 2079 1748 2114 2234 2339 2136 2267 2123 2012 2167 1792 1949 2012 2323 1976 2049 1779 2066 1777 2311 2178 1880 1972 1913 2208 2064 2381 1941 2204 1935 2159 1710 2270 2303 2037 2122 2108 2057 2004 2112 1844 2070 2173 2187 2067 2061 1814 1920 2117 2051 2308 2289 1906 
1869 2050 2153 2356 2151 2131 2217 2095 2000 2333 2244 2292 2219 2000 2144 2105 2180 2085 2140 2075 2053 2102 2007 2005 2223 2067 1907 2173 1986 1917 2328 1718 2243 2041 2029 1861 1900 2107 2202 2287 2361 2286 2018 2049 2158 2354 1966 2301 1729 2159 2260 2287 1890 2310 1982 1909 2158 1707 1899 1893 2191 2225 1826 1918 1968 2079 2470 2034 1857 2174 1962 2234 2062 2193 2113 2221 1915 2049 1767 2186 2249 2173 2224 1897 2157 2014 2055 2034 2250 2244 2086 2009 1821 1793 2027 1948 1880 2269 2129 2039 
1919 2130 2132 2424 2162 2061 2395 1953 2174 2341 2351 2380 2450 2074 2128 2130 2091 2044 2247 2150 2251 2085 2059 2069 2348 1960 2078 2078 2139 1752 2391 2008 2137 2001 2119 1986 1789 2264 1883 2293 2247 2330 2001 1913 2341 2455 2010 2179 1824 2038 2392 2146 1950 2145 2034 2196 2216 1741 2009 1810 2213 1902 1955 1949 1944 1882 2443 2290 1885 2094 2137 2358 2110 2144 1881 2270 1821 2023 1721 2231 2133 2100 2180 2099 1969 1995 2092 2078 2143 2123 2135 1996 2068 1892 2034 2011 1983 2358 2169 1881 
1946 2224 2275 2546 2218 2089 2373 2125 2069 2419 2271 2502 2472 2137 2263 2135 2230 2245 2225 2336 2376 2069 2168 2217 2322 2105 2292 2145 2173 2122 2435 2047 2214 2074 2231 2089 1960 2106 2112 2532 2570 2316 2190 2216 2379 2459 2126 2324 2053 2128 2470 2382 2039 2377 2131 2203 2319 1828 2031 2016 2403 2240 2142 2043 2038 1926 2354 2437 2124 2190 2215 2320 2173 2180 2131 2303 2035 2116 1780 2255 2308 2175 2338 1920 2182 2220 2078 2252 2227 2356 2147 2036 2101 1966 2193 2159 1966 2396 2199 2162 
1966 2120 1996 2200 2326 1959 2154 1937 2027 2104 2272 2113 2306 2007 2125 2180 2035 1954 2015 2023 2028 2047 1992 2138 2158 1957 2069 1976 2016 1879 2253 1729 2001 1958 2093 1806 1835 1907 1832 2267 2104 2164 1976 1879 2148 2310 1898 2159 1904 2094 2281 2098 1866 2116 1969 2042 2048 1680 1949 1865 2248 2095 1977 1878 1985 1822 2243 2135 1804 1905 1947 2181 1862 2191 1852 2214 1870 1901 1638 2100 2230 1933 2176 2021 1985 2017 1987 1995 2089 2110 2028 2127 1775 1650 1831 1959 1748 2156 2070 1849 
2052 2234 2145 2404 2206 2255 2327 1942 2009 2251 2359 2359 2393 2088 2234 2168 2076 2000 2008 2205 2098 2118 2030 2028 2265 2165 2049 2115 2131 2046 2358 1995 2021 2006 2126 1794 1894 2108 2079 2260 2237 2312 2018 2049 2144 2437 2143 2143 2029 2186 2396 2471 2192 2338 2099 1859 2207 1648 2008 2042 2450 2077 2085 1948 2075 1957 2231 2311 1782 2200 2055 2200 2008 2250 2017 2327 1851 2061 1554 2246 2303 2121 2198 2094 2092 1983 2005 2049 2168 2208 2169 2063 2018 1721 1972 2063 2114 2353 2271 1919 
2066 2290 2096 2458 2232 2211 2362 2273 2337 2427 2347 2326 2466 2123 2140 2246 2261 2162 2191 2200 2326 2219 2209 2158 2539 2370 2223 2195 2149 2045 2424 2123 2172 2137 2198 1897 1934 2211 2254 2446 2352 2361 2182 2075 2292 2656 2050 2389 2201 2316 2407 2471 2137 2475 2255 2047 2281 1749 2061 1857 2453 2316 2204 1877 2092 2130 2458 2336 1980 2165 2149 2392 2066 2428 2198 2365 2072 2240 1911 2242 2203 2060 2324 2013 2256 2098 2058 2201 2479 2303 2283 2189 2036 1835 2146 2097 2138 2424 2228 1972 
1717 1849 1908 2126 1826 1930 2117 1741 1724 2031 1912 2058 1986 1808 1897 1903 1989 1953 1849 1866 2043 1965 1878 1888 1934 1843 1713 1782 1806 1728 2085 1616 1991 1950 1860 1713 1625 1821 1889 1968 1989 2057 1844 1828 1876 2168 1765 1871 1735 1935 1980 1935 1720 1855 1964 1746 1975 1549 1673 1782 2088 1851 1797 1712 1740 1849 1897 2005 1705 1845 1713 1942 1746 2027 1781 2042 1601 1833 1527 1915 1927 1830 1838 1848 1899 1784 1835 1906 1946 1821 1876 1758 1813 1571 1992 1893 1865 1960 1853 1789 
1808 2124 2118 2417 2179 2134 2254 1871 1989 2295 2179 2238 2299 2085 2259 2140 2077 1793 2238 2121 2358 2068 2158 1848 2192 1950 2009 1855 2112 1823 2330 1933 2201 2044 2227 1932 1831 2074 2160 2183 2169 2145 2056 1922 2064 2136 1952 2121 1617 2077 2144 2036 1872 2139 1991 2128 2175 1706 1990 2051 2360 1997 1895 1865 1930 1773 2333 2296 1944 2009 2076 2350 2003 2222 1808 2169 1936 2091 1753 2167 2127 1997 2302 1927 2115 1972 1939 2034 2060 2195 2185 2161 1894 1845 1867 1871 1757 2153 2190 1968 
1979 2128 2330 2434 2235 2114 2304 2038 2108 2321 2467 2302 2358 2045 2231 2312 2171 2041 2079 2079 2174 2162 2002 2151 2333 2010 1980 1899 2103 2026 2192 1910 2264 2106 2204 2012 1983 2091 2074 2361 2215 2121 2118 2009 2220 2378 1994 2120 1905 2201 2223 2131 1963 2220 2254 1971 2200 1779 1988 2057 2259 2188 2172 1836 2009 1866 2089 2177 2040 2095 1963 2262 2170 2313 2002 2387 2035 2080 1604 2081 2079 2094 2270 1868 2154 1879 1935 1986 2127 2240 2037 2039 1878 1863 2056 2087 1812 2232 2107 2102 
1892 2115 2274 2171 2093 2063 2232 1935 2017 2179 2210 2232 2341 1967 2185 2089 1942 2092 1979 2012 2116 1888 2014 2087 2112 1964 1912 1916 1957 1882 2064 1883 2053 1903 2152 1907 1945 1950 2021 2302 2064 2219 1914 1924 2068 2174 1917 2086 1822 2076 2396 2187 1931 2017 2028 2042 2084 1653 1862 2064 2308 1975 1820 1939 2073 1814 2162 2195 1941 1954 1876 1989 2035 2229 2043 2268 1926 1953 1563 2101 2094 2008 2215 1810 2025 1823 1835 1876 1927 2215 1891 1824 1674 1842 1860 1883 1780 2114 2149 1965 
1835 1911 1978 2119 2020 2018 2023 1763 1938 1974 2123 2069 2227 1797 1911 1892 2012 1929 1923 1886 2001 1945 1810 2041 1973 1761 1850 1721 1871 1558 2115 1805 1782 1973 2030 1793 1838 1920 1862 2069 1916 1962 1809 1779 1964 2185 1847 1847 1696 1974 2019 1894 1854 1989 2002 1675 1950 1672 1814 1821 2198 1806 1840 1705 1902 1780 2027 2083 1618 1906 1861 1975 1838 1989 1676 1895 1830 1981 1612 1955 1961 1823 1912 1873 1861 1868 1865 1886 1927 2009 2117 1643 1775 1672 1732 1806 1915 2017 2136 1805 
1809 1987 1817 2220 2014 1976 2090 2045 1924 2220 1979 2159 1962 2003 1814 1980 1955 1891 1966 1904 2028 1897 2049 1899 1979 1897 1849 1950 2075 1745 2103 1856 2006 1870 1977 1748 1727 2045 1871 2078 1954 2212 1915 1937 2215 2141 1928 1956 1708 1715 2004 2211 1725 2096 1835 2003 1894 1679 1777 1764 2010 1929 1857 1724 1878 1817 2178 2040 1671 1796 1981 2080 1926 2149 1747 1979 1839 1824 1550 2049 1953 1931 2141 1812 1964 1879 1947 1837 2023 2010 2075 1891 1833 1702 2005 1754 1884 2186 2062 1880 
1939 2039 2078 2313 2198 2097 2151 1987 2023 2245 2254 2165 2297 1972 2067 2232 2166 2100 2020 2056 2162 1969 2110 2082 2160 1975 2010 2040 1975 1931 2160 2069 2133 1976 2135 1971 2004 2212 2056 2339 2214 2209 2066 1824 2268 2392 1906 2202 1848 2142 2331 2224 1990 2251 2082 1984 2200 1797 2058 1959 2369 2082 2019 1809 2107 1895 2226 2281 1852 1999 1990 2228 1932 2256 1893 2268 1928 2006 1589 2198 2021 2020 2278 1890 2137 2041 1969 2044 2081 2118 2062 1987 1884 1774 1864 1925 1891 2174 2191 1950 
2049 2117 1997 2101 2155 2023 2270 2007 2059 2141 2058 2124 2151 1924 1998 2244 1901 1991 2149 2074 2130 2146 1928 2121 2244 1915 1936 1839 2106 1908 2146 1792 2027 2006 1962 1872 1730 1894 2052 2046 2127 2138 1939 2011 1923 2300 1924 1991 1812 2095 2099 2173 1897 2247 1957 1884 1941 1822 1917 1992 2239 1967 1985 1808 1766 1873 2196 2074 1746 2025 1970 1988 1971 2257 1945 1961 1890 2117 1616 2113 2234 1891 2152 1903 1940 1916 2066 1792 2106 2171 1970 1812 1869 1891 1932 1910 2078 2189 2087 1844 
1966 2117 2336 2363 2152 2203 2195 1842 2080 2219 2243 2289 2280 2070 2183 1998 2045 2043 2103 2139 2192 2096 2127 2001 2198 2042 2052 1966 2058 1815 2278 1789 2057 2067 2050 1802 1808 2093 2059 2202 2201 2084 1976 2057 2192 2183 1956 2168 1757 2143 2387 2384 2020 2170 2064 2083 2061 1651 1954 2011 2374 2195 1974 1845 1862 1845 2291 2150 1843 1984 2030 2301 2112 2252 2128 2262 1920 2099 1689 2183 2133 1924 2065 2150 2068 2009 2000 2055 2199 2216 2135 2100 1893 1625 2056 1962 1926 2180 2202 1848 
1855 2030 1962 2294 2159 1931 2076 1941 1818 2072 2018 2215 2181 1934 1944 1943 1952 1977 1980 2152 2268 2059 2069 1916 2075 1953 1930 1991 2048 1818 2137 1841 1875 1817 2038 1918 1664 1984 1939 2179 2131 2139 2002 1988 2293 2167 1927 2062 1739 2009 1984 2228 1953 2189 1912 1964 2216 1699 1854 1745 2202 1969 1965 1847 1748 1838 2154 2100 1724 1946 1764 2151 1874 2021 1904 2171 1788 1947 1570 2106 1998 1826 1992 1865 2068 1997 1983 1990 2044 2110 2044 1842 1941 1792 1743 1918 1899 2262 1999 1773 
1810 1937 1898 2334 2186 2128 2220 2028 1985 2152 2116 2173 2341 1955 2080 2073 2210 1914 2025 2169 2116 2099 1948 2017 2132 2108 2092 1959 2064 1923 2212 1906 2012 2010 2142 1938 1956 2183 2102 2163 2188 2169 2136 1951 2326 2218 1967 2225 1946 2162 2368 2281 1952 2235 1962 1916 2200 1864 1906 1969 2243 1951 2080 1804 1953 1941 2357 2244 1788 2006 1911 2206 2003 2352 2083 2327 1876 2042 1558 2287 2101 1768 2174 1833 2254 1918 2015 1946 2093 2266 1954 2065 1964 1790 1810 1908 1970 2219 2084 1971 
1976 2239 1984 2447 2211 2156 2160 1848 2049 2144 2232 2274 2318 2001 2237 2055 2205 2082 2002 2131 2268 2010 2067 2085 2199 1983 2126 2047 2130 1740 2189 2031 2050 1959 2234 1751 1995 2038 2085 2146 2222 2058 2013 2021 2215 2348 1910 2035 1722 2118 2351 2278 1983 2145 2027 1978 2109 1709 1952 2037 2410 2061 1994 1853 1949 1947 2136 2149 1870 1992 2068 2230 1956 2277 2036 2261 1898 2046 1677 2186 2134 2106 2210 2080 2058 1968 2019 2080 2240 2138 2189 2015 1901 1586 1830 2038 1841 2320 2224 1946 
2025 2191 2230 2587 2267 2158 2336 2238 2115 2366 2370 2318 2392 2139 2243 2264 2220 2187 2284 2424 2300 2167 2149 2297 2449 2163 2020 2135 2181 2002 2359 1978 2364 2075 2178 2006 2072 2114 1944 2281 2322 2484 2235 2121 2234 2408 2085 2305 1933 2224 2518 2377 2075 2272 2131 2169 2293 1978 2082 2073 2442 2217 2084 1974 1865 2036 2635 2359 2042 2236 2180 2442 2110 2358 2217 2372 2055 2228 1702 2289 2464 2205 2380 2181 2244 2127 2082 2172 2385 2341 2143 2148 2046 1845 1993 2214 1970 2459 2381 2058 
1842 2058 1963 2197 1971 1852 2066 1793 1768 1932 2007 2138 2184 1840 2062 1883 2003 1870 1889 1997 2078 1872 1852 2015 1944 1875 1740 1734 1900 1811 1955 1682 1847 1962 1961 1822 1770 1980 1966 2067 2110 1934 1880 1857 2108 2178 1873 1919 1762 1975 2133 1901 1854 1922 1893 1846 1947 1684 1799 1848 2233 1931 1822 1869 1762 1732 2050 1979 1779 1953 1707 2027 1822 2092 1746 2023 1725 1885 1385 1992 1964 1809 2062 1864 1903 1894 1852 1919 1858 1959 1848 1844 1829 1674 1836 1832 1780 2053 2044 1834 
2008 2142 2171 2288 2182 2117 2270 2046 1973 2434 2285 2359 2267 1976 2120 2168 2046 2112 2183 2179 2268 2194 1958 2095 2154 2030 2070 2076 2129 1940 2281 1890 2158 1865 2046 2019 1998 2036 1937 2205 2160 2315 1986 2006 2202 2287 2033 2112 1837 2131 2326 2191 2042 2227 1902 1933 2179 1857 1892 1987 2329 1888 1867 1847 2045 1725 2358 2526 1883 2033 1959 2087 1993 2090 1932 2345 1913 1947 1642 2242 2149 1883 2239 1923 2124 2008 2076 2218 2129 2426 2033 1981 2014 1896 2022 2073 1912 2099 2131 2106 
2006 2094 1934 2137 2112 2095 2126 1911 2012 2153 1999 2087 2087 1857 2001 2042 1952 2029 2094 2002 2048 2171 1934 1939 1981 1956 2077 2010 2052 1877 2169 1838 1987 1968 2018 1937 1812 1964 1834 2054 2130 2210 2048 1914 2147 2272 1972 1989 1839 1953 2176 2158 1774 2174 1962 1835 2013 1613 1800 1850 2099 1966 1764 1679 1755 1848 2214 2166 1821 1823 1983 1934 1883 2150 1954 2016 1831 1977 1746 2148 2058 1866 2092 1785 2035 1866 2117 2082 2096 2232 2030 1872 1897 1777 1786 1979 1946 2196 2093 1942 
1869 2102 2139 2311 1962 2004 2247 1894 1779 2229 2220 2223 2171 1862 2008 2058 1957 2069 2050 2135 2336 2054 1950 2118 2134 1998 2018 1890 1969 2006 2253 2015 2135 1895 2001 2028 1770 1945 2062 2137 1922 2188 1841 1958 2197 2252 1955 2035 1719 2014 2067 2130 1924 2017 2207 2136 2054 1564 1958 1903 2202 2041 1921 1878 1937 1685 2176 2212 1948 1936 1829 2195 1994 2160 1875 2177 1836 1876 1562 2035 1991 2105 2143 1890 1879 1898 1933 1916 2144 1989 1968 1768 2078 1748 1871 2055 1809 2193 2190 1877 
1923 2085 2236 2622 2183 2112 2311 2159 1949 2215 2270 2472 2406 2108 2112 2198 2294 1982 2208 2284 2155 2053 2165 2070 2336 2008 2099 1950 2021 2035 2454 2051 2348 1963 2196 1978 1999 2083 2204 2479 2176 2338 2289 1972 2282 2355 2105 2465 1904 2083 2272 2370 2034 2303 2250 2122 2170 1690 2085 2025 2325 2264 2121 2025 2024 2020 2283 2255 1840 2140 2021 2475 2288 2466 2124 2239 1892 2165 1645 2259 2245 2028 2181 1968 2350 2135 2087 1951 2157 2293 2227 2051 2050 1986 2063 2085 1855 2365 2086 2036 
1916 2126 1893 2230 2126 1900 2094 1971 1852 2077 1982 2069 2186 1902 1963 1984 1953 1842 2022 2056 2235 1885 1907 1944 2032 1899 1807 1800 2067 1761 2088 1776 1836 1993 2014 1775 1913 1980 1986 2209 2059 2057 1921 1900 1928 2061 1911 1902 1776 1915 2111 2090 1909 1998 1935 1748 2136 1740 1938 1931 2238 2032 1929 1717 1740 1698 2201 2082 1791 1824 1807 2100 1808 2071 1813 1960 1912 1964 1545 1983 2082 1866 2071 1859 1917 1820 1772 1908 2024 1989 2009 1876 1826 1717 1667 1767 1768 2273 2134 1830 
1622 1801 1645 1979 1758 1758 1892 1662 1595 1824 1949 1947 1907 1775 1784 1838 1796 1643 1802 1916 1865 1805 1688 1882 1984 1699 1645 1644 1948 1732 1782 1617 1762 1749 1816 1678 1604 1619 1810 1946 1845 1961 1850 1679 1980 1988 1761 1756 1592 1841 1866 1716 1696 1805 1753 1822 1889 1533 1555 1608 1932 1697 1845 1572 1569 1651 1899 1954 1644 1531 1811 1988 1666 1901 1712 1923 1607 1715 1289 1860 1840 1591 1788 1696 1744 1628 1766 1798 1837 1882 1805 1708 1793 1548 1679 1715 1586 1987 1815 1600 
1945 2185 2098 2455 2281 2101 2325 2138 2124 2404 2272 2476 2403 2064 2097 2221 2236 2141 1969 2204 2314 2076 2155 2069 2218 2070 2172 2185 2037 1970 2269 1875 2160 1901 2088 1898 1846 2112 2091 2489 2244 2300 2000 2029 2162 2333 2059 2238 1786 2067 2250 2478 2109 2457 1871 1977 2176 1826 1874 1942 2343 2029 1908 1930 2001 1917 2321 2101 1840 2133 2071 2216 2019 2207 2077 2275 1893 2091 1594 2251 2125 2096 2242 2016 2153 1969 2030 2040 2340 2331 2195 2044 1987 1703 1933 1944 2024 2295 2291 1929 
1750 1873 2040 2152 2224 1897 2012 1889 1899 2124 2119 2001 2319 1854 1899 1990 1909 1895 2083 2025 1910 1971 1866 1904 2164 1973 1796 1864 1862 1891 2142 1760 1929 1777 2157 1714 1727 2012 1862 2294 2053 2135 1891 1923 2064 2271 2031 2098 1631 1987 2332 2011 1777 1983 1934 1812 1936 1512 1801 1949 2226 1840 1886 1990 1864 1938 2259 1945 1810 1914 1880 2128 1916 1932 1865 2063 1684 1946 1543 2024 2014 1996 2097 1877 2156 1982 1851 1982 1917 1990 1888 2042 1699 1691 1888 1898 1806 2149 2105 1689 
2064 2244 2254 2333 2234 2046 2288 2121 2199 2383 2397 2449 2387 2057 2160 2245 2154 2161 2059 2114 2241 2241 2087 2107 2343 1952 2050 2011 2076 1876 2293 2090 2214 2103 2229 1835 2036 2136 1957 2485 2217 2439 2012 2043 2191 2250 1957 2085 1895 2000 2362 2168 1994 2308 1988 2033 2327 1665 1934 2131 2497 2065 1990 1863 1987 1819 2408 2168 1975 1979 2120 2271 1986 2296 2082 2188 1986 2040 1790 2194 2267 2145 2238 1954 2215 1895 2178 2031 2127 2243 2177 2125 1890 1922 2125 2145 2025 2387 2250 2085 
1970 1956 2067 2229 1997 2094 2242 1892 1832 2022 2116 2032 2191 1864 2094 2080 1951 1885 1976 2007 2129 2034 1900 2056 2112 1836 1901 1852 2097 1775 2147 1839 1965 1866 1933 1936 1700 1801 2028 2163 2051 2120 1921 1797 2002 2169 1883 2064 1702 2167 2200 2137 1978 2163 1992 1934 2116 1694 1840 1915 2271 2105 2026 1824 1881 1765 2097 2102 1697 2060 1778 1993 1851 2262 1966 2195 1736 1872 1444 2086 2139 1775 1896 1940 1887 1979 2074 1922 2017 2091 1998 1917 1895 1797 1888 1958 1826 2140 1800 1693 
1920 2271 2209 2486 2052 2015 2236 1973 2088 2248 2303 2476 2427 2095 2190 2144 2139 1902 2039 2248 2205 1976 1915 2198 2250 1957 1986 1969 2201 2018 2180 1805 2177 2030 2285 1916 1802 1906 1947 2300 2205 2158 2008 1873 2053 2312 1931 2142 1865 2216 2301 2089 2007 2147 2030 2112 2241 1763 1927 1927 2292 2122 1844 1932 1799 1903 2243 2140 2022 1993 2158 2156 1901 2135 2034 2217 1981 2055 1623 2128 2192 2011 2386 2022 2065 2024 1891 2104 2221 2157 2080 2001 1990 1620 2082 2082 1806 2289 2110 1979 
2140 2208 2232 2370 2324 2095 2492 2031 2125 2339 2216 2379 2440 2104 2319 2310 2226 2106 2338 2238 2350 2257 2189 2249 2300 2032 2081 2033 2198 1970 2435 1845 2165 2068 2178 2035 1859 2110 2140 2448 2303 2416 2213 2067 2271 2458 2159 2205 1924 2042 2319 2209 2114 2326 2110 2184 2216 1818 2073 2133 2524 2291 2003 1959 2125 1978 2384 2446 1937 1972 2218 2244 2016 2304 1989 2177 2051 2192 1796 2301 2341 2086 2132 2048 2230 2169 2092 2189 2391 2308 2326 2035 2127 1931 1950 2085 2000 2374 2154 2010 
1768 1953 1831 2222 2096 2023 2018 1889 2046 2029 2045 1953 2070 1807 1974 1964 1922 1953 1927 1983 2027 2046 1996 1953 2107 1637 1888 1853 2002 1795 1989 1878 1959 1888 1945 1801 1721 1931 1901 2146 1970 2218 1940 1830 1979 2306 1799 1991 1629 2041 2005 2068 1829 2186 1902 1890 2194 1704 1793 1738 2203 2009 2013 1588 1907 1715 2220 1945 1901 1853 1798 2063 1681 2077 1894 2096 1789 1803 1580 1991 2045 1851 2037 1929 1812 1802 2058 1937 2065 1936 2025 1833 1834 1695 1850 1992 1803 2194 1934 1821 
1744 1982 1841 2100 2133 1785 1991 1657 1915 1933 1960 1939 1979 1801 2135 1880 1830 1757 1802 1934 2022 1924 1834 1810 2034 1704 1788 1691 1726 1639 2149 1797 1867 1844 1924 1742 1626 1926 1862 2022 1972 2006 1780 1812 1860 2016 1774 1853 1541 1844 2112 1921 1738 1996 1746 1930 1925 1516 1732 1860 2106 1858 1719 1535 1557 1618 2084 1846 1635 1986 1791 1965 1713 1984 1722 1923 1694 1884 1486 1914 2126 1802 1793 1727 1901 1843 1872 1641 1801 1851 1829 2095 1729 1616 1645 1773 1778 2032 1896 1720 
1759 1924 1986 1934 1949 2039 2016 1727 1920 2040 1920 2072 2203 1822 1942 1981 1846 1871 1897 1847 1984 1778 1852 2009 1923 1753 1864 1859 1951 1642 2077 1653 1900 1695 1957 1728 1847 1879 1744 2053 1918 2049 1806 1883 1951 1954 1906 1824 1585 1929 2037 1957 1699 2033 1799 1830 1901 1533 1735 1837 2056 1904 1844 1677 1856 1726 1981 1890 1715 1727 1756 1941 1945 2072 1766 1895 1749 1753 1559 2020 1982 1902 2100 1753 1988 1697 1794 1702 1738 1953 1796 1768 1656 1791 1666 1830 1705 2025 1948 1738 
2154 2168 2153 2400 2194 2193 2329 1906 1996 2305 2205 2264 2232 2082 2166 2161 2241 2096 2148 2137 2272 2201 1923 2003 2254 1886 1857 1845 2142 1778 2415 1946 2000 2149 2086 1771 2008 1927 2102 2184 2185 2115 2066 1922 2251 2213 1959 1999 1688 1960 2173 2087 1967 2128 2202 2052 2315 1768 2021 2138 2412 2133 2071 1839 1894 1825 2264 2202 1919 2011 1902 2365 2062 2291 1803 2147 1908 2149 1715 2244 2188 2129 2088 1932 1968 1960 1974 1978 2074 2102 2064 1990 2065 1746 2010 1986 1914 2291 2065 1885 
1979 2289 2239 2529 2257 2234 2318 2158 2344 2465 2269 2539 2505 2020 2324 2240 2222 2223 2135 2432 2355 2165 2155 2236 2433 2123 2159 2062 2257 2189 2389 1952 2361 2114 2332 2129 1981 2191 2182 2401 2417 2429 2186 2042 2278 2408 2217 2137 1992 2161 2432 2411 2259 2470 2203 2081 2307 1840 2036 2012 2396 2132 2034 1937 2002 2099 2367 2428 2056 2162 2206 2389 2115 2422 2242 2346 2099 2281 1830 2361 2435 2180 2213 2170 2293 2182 2046 2097 2215 2323 2306 2117 2173 1997 2114 2094 2122 2411 2377 2001 
1833 1896 1913 2180 2073 1932 2033 1912 1900 2120 1957 2056 2047 1858 1934 1951 1910 1809 1782 2024 1886 1891 1881 1939 1881 1773 1774 1960 1853 1799 2061 1653 2067 1665 1912 1702 1715 1837 1769 2015 2043 2050 1746 1770 1875 2263 1837 2054 1547 2021 2010 2046 1780 2120 1672 1694 1918 1576 1809 1810 2108 1929 1702 1572 1854 1719 2149 2005 1814 1858 1825 2039 1825 2006 1872 2226 1750 1850 1431 1981 1957 1864 2008 1909 2061 1846 1956 1793 1881 1992 1839 1889 1770 1640 1802 1933 1686 1926 1899 1639 
1732 1896 1963 2173 1894 1990 2018 1801 1855 2132 1999 2069 2063 1930 1967 1926 1907 1923 1964 2052 2054 1902 1970 1977 2117 1964 1905 1780 1887 1845 1879 1701 1991 1890 1938 1767 1633 1973 1868 1887 2107 1923 1977 1732 1861 2064 1847 1948 1598 1954 2021 2034 1799 1907 1822 1709 1997 1560 1752 1726 2109 1949 1883 1670 1640 1707 2137 2057 1687 1724 1930 2208 1805 2073 1943 2122 1753 1927 1508 2118 1879 1707 2079 1827 1813 1732 1684 1879 1994 2049 1957 1876 1751 1733 1705 1803 1819 2063 2012 1722 
2073 2268 2150 2312 2267 2084 2294 2083 2217 2300 2381 2302 2375 2137 2134 2169 2168 2046 2128 2079 2219 2124 2017 2143 2315 2100 2033 2091 2157 1926 2312 1938 2124 1994 2290 1864 1986 2143 2102 2383 2221 2240 2024 2137 2272 2290 2103 2222 1922 2223 2348 2117 1963 2213 2096 2062 2201 1641 2122 2002 2304 2138 2068 1844 2140 1915 2210 2168 1941 1920 2081 2309 2072 2248 1957 2453 1941 2012 1710 2177 2308 2086 2277 1941 2214 2053 2052 2079 2098 2018 2191 2211 1984 2007 2022 2109 1909 2315 2141 2046 
2022 2061 1974 2196 2127 1981 2221 1948 1942 2135 2110 2194 2142 1919 1945 2064 2073 1949 1990 2053 2166 2002 1960 2131 2091 1907 1746 1774 2081 1806 2045 1788 1903 2014 2087 1759 1723 2072 2064 2038 2152 2111 2078 2040 2114 2226 1919 2023 1816 2017 2110 2107 1814 2004 1853 1959 2112 1517 2084 1917 2250 1983 1968 1886 1828 1888 2015 2058 1731 1863 1866 2350 1899 2335 2017 2291 1839 2103 1601 2142 2101 2006 1979 1908 2028 1971 1904 1912 2066 1932 2084 1850 1850 1779 1835 1810 1848 2201 2215 1846 
1761 2094 2117 2322 2056 2024 2185 1835 1996 2128 2328 2169 2098 2024 2090 2141 1946 2001 2061 2130 2015 1948 2091 1972 2272 1991 1986 1980 2065 2051 2171 1804 2204 2108 2135 1867 1829 1970 1995 2188 2176 2247 2024 2059 2057 2388 1992 2201 1909 1997 2221 2254 1906 2173 2119 1961 2097 1675 1824 1936 2311 2067 1967 1902 2005 1819 2146 2130 1927 1924 1967 2127 1901 2229 1968 2177 1902 2047 1639 2037 2175 2005 2256 2087 2011 2078 1968 1983 2136 2139 2020 2029 1916 1668 1964 1981 1856 2183 2030 1978 
1801 2218 2228 2301 2227 2037 2204 2009 2091 2214 2136 2345 2413 2015 2207 2101 2077 2118 2074 2153 2159 1988 2171 2033 2232 2097 2202 2016 1986 2060 2376 1958 2245 1868 2156 1955 2005 2141 2153 2316 2283 2270 2132 2156 2218 2339 2029 2142 1917 2254 2281 2148 2015 2253 2033 2073 2090 1693 1923 1851 2275 1912 1983 1908 1921 1902 2161 2264 2103 2145 2018 2168 2055 2143 2144 2203 1951 2117 1767 2190 2070 2118 2234 1969 2203 2103 1995 1974 1985 2277 2011 2048 1950 1919 2150 2041 1961 2263 2261 2161 
2094 2259 2070 2312 2274 2053 2369 2143 2126 2237 2141 2274 2280 2207 2197 2213 2211 2243 2021 2096 2134 2064 2066 2228 2266 1948 2205 2072 2224 1854 2293 2059 2127 2095 2063 1932 1947 2216 1894 2328 2205 2261 2119 2062 2253 2310 2026 2208 1796 2026 2270 2376 1914 2211 1962 2084 2154 1718 1982 1872 2351 2112 2031 1868 1884 1978 2351 2032 1942 2180 2010 2164 1972 2181 2013 2354 2044 1932 1660 2308 2415 2145 2247 1975 2057 2038 2211 1911 2169 2219 2087 1950 1971 1894 1957 2034 1946 2441 2185 1980 
1961 1910 1970 2335 2181 2061 2270 1892 1989 2148 2263 2133 2140 1895 2012 2145 2131 1958 1971 1985 2196 2122 1981 1976 2111 1979 2086 2053 2051 1756 2264 1934 2039 1874 2049 1822 1957 2098 1946 2215 2142 2146 2101 2077 2289 2233 2011 2040 1918 2059 2194 2390 1865 2209 2170 1973 2014 1620 2115 1914 2120 2042 2080 1803 2017 1810 2105 2215 1802 1957 1893 2210 2076 2236 2007 2238 1878 1940 1569 2049 2007 2013 2115 1780 2159 1956 1933 2091 2169 1968 2071 1861 1862 1775 1792 1831 1806 2143 2164 1990 
1958 2215 2098 2307 2218 2081 2208 2095 1978 2279 2256 2042 2240 2026 2155 2046 2005 1899 2163 2079 2131 2156 2081 1927 2239 2127 1963 2017 1987 2059 2353 1938 1974 2046 2048 1794 1778 2117 2069 2221 2236 2281 1999 2165 2203 2431 2021 2231 1792 2133 2206 2158 1960 2299 1991 1913 2141 1638 1931 2080 2356 2030 1944 1927 2081 1897 2403 2238 1851 1987 1947 2166 2044 2186 2026 2318 1901 2131 1865 2258 2241 2015 2208 1901 2254 2110 2059 2130 2130 2262 2171 2176 2063 1777 1970 2029 1876 2284 2112 1876 
1690 1802 1851 1988 1868 1740 2053 1784 1767 1795 1992 1918 1989 1702 1944 1862 1810 1827 1896 1779 1777 1815 1681 1884 1914 1749 1595 1744 1851 1656 1902 1642 1867 1683 1912 1695 1627 1853 1868 1882 1880 2007 1802 1729 1720 2118 1780 2047 1732 1798 1967 1787 1723 1781 1911 1610 1963 1384 1702 1767 1830 1830 1743 1655 1843 1771 1897 1874 1582 1749 1686 1869 1686 2002 1759 1950 1470 1787 1308 2023 1978 1760 1813 1692 1764 1815 1725 1744 1948 1778 1891 1670 1727 1484 1699 1745 1641 1921 1902 1660 
1722 2020 2017 2280 1951 1999 2144 1878 1790 2172 1991 2219 2098 2026 1975 2015 2008 1919 2054 2019 2215 1953 1875 1942 2126 1995 1942 1890 2006 1940 2222 1700 2013 1825 2042 1772 1679 1834 2031 2023 2207 2123 1919 1754 2047 2120 2033 2126 1746 1936 2239 1981 1974 1981 1838 1991 2075 1600 1805 1732 2127 1863 1801 1813 1869 1727 2169 2268 1783 1876 2023 2150 1778 1928 1766 2097 1629 1993 1507 2091 2037 1772 2018 1931 1786 2136 1841 1985 1968 2145 2013 1990 1973 1662 1882 1853 1796 2082 1987 1746 
2052 2200 2012 2282 2313 2112 2276 2014 2013 2351 2199 2299 2275 2135 2061 2188 2205 2095 2133 2181 2142 2014 2066 2015 2222 2095 2086 2176 2029 1936 2263 1970 2087 2006 2218 1820 2142 2177 2142 2153 2339 2178 2083 2037 2245 2452 2067 2226 1783 2077 2338 2273 1931 2320 2018 1992 2086 1813 1989 1910 2221 1997 1905 1846 1875 1943 2248 2188 1838 2050 2187 2293 1883 2230 1942 2261 1884 2166 1638 2191 2127 2197 2269 1942 2155 1991 2062 2046 2079 2152 2052 2108 1951 1776 1852 1837 1947 2338 2295 1871 
2212 2362 2443 2689 2614 2491 2527 2347 2358 2363 2499 2463 2584 2328 2477 2371 2426 2208 2419 2336 2565 2399 2336 2295 2641 2275 2449 2172 2379 2115 2730 2186 2293 2373 2434 2235 2114 2342 2364 2653 2580 2493 2335 2313 2493 2614 2368 2465 2128 2490 2446 2559 2178 2634 2340 2079 2473 2001 2239 2312 2551 2367 2227 2139 2116 2204 2643 2437 2124 2283 2228 2569 2291 2549 2325 2505 2063 2229 1840 2586 2517 2269 2519 2278 2562 2374 2378 2307 2342 2501 2443 2409 2348 2164 2079 2291 2233 2591 2504 2196 
1985 2292 2113 2246 2138 2001 2327 2048 1992 2067 2182 2238 2339 1990 2080 2221 1989 2112 2090 2203 2221 2093 1894 1991 2304 1918 1977 1915 2144 1899 2228 1889 1998 1962 2094 1920 1956 1904 2103 2316 2206 2110 2044 1940 2043 2197 1952 2074 1694 1966 2074 2119 1905 2087 2135 2003 2193 1619 2010 1960 2322 2047 1928 1929 1686 1884 2245 2180 1887 2009 1910 2265 2018 2095 1964 2093 1866 2165 1679 2246 2260 2087 2030 1823 1969 1915 2027 1936 2046 2185 2063 1964 1882 1879 1782 1990 1897 2438 2161 1886 
1892 2030 2049 2485 2266 2125 2112 1861 2092 2155 2149 2210 2188 2044 2268 2039 2109 2066 2079 2100 2233 2120 2217 1996 2241 2072 2076 2084 2002 1851 2337 1903 2175 2043 2357 1839 1678 2233 1950 2271 2249 2351 1961 1985 2089 2453 1897 2201 1770 2159 2231 2362 2055 2284 2096 1919 2144 1829 1782 2001 2361 2077 1998 1872 2067 1974 2317 2190 1821 1940 2219 2184 2048 2282 2051 2174 1909 2060 1731 2345 2179 2013 2239 2094 2133 2124 2039 1995 2080 2214 2286 1995 1862 1850 1934 2033 2031 2266 2142 1856 
1635 1886 1693 1910 1821 1638 1971 1729 1694 1763 1962 1904 1940 1674 1766 1743 1751 1671 1666 1849 1952 1762 1470 1740 2083 1661 1747 1558 1789 1447 1896 1646 1783 1564 1638 1623 1511 1690 1648 1879 1843 1978 1736 1419 1781 1884 1614 1850 1495 1852 1900 1718 1610 1756 1655 1596 2018 1461 1504 1662 1735 1647 1579 1586 1480 1434 1968 1886 1713 1838 1693 1865 1610 1839 1642 1947 1644 1657 1367 1846 1851 1723 1718 1717 1677 1634 1668 1686 1796 1798 1695 1492 1741 1551 1605 1702 1621 1987 1848 1690 
1840 1984 1928 2145 2108 1919 2109 1775 1991 2026 2129 2020 2251 1863 2036 1932 1925 1878 1737 1958 1934 1807 1709 1935 1941 1850 1855 1748 2096 1618 1970 1617 1788 1900 1964 1722 1585 1895 1788 2079 1856 2054 1710 1591 2010 2087 1630 1859 1608 1946 2133 2100 1837 2068 1858 1813 2056 1642 1673 1985 2207 1876 1809 1620 1890 1753 2109 1941 1580 1916 1838 1945 1893 2215 1817 2050 1736 1997 1548 2106 2102 1766 2095 1841 1807 1737 1838 1839 1978 1957 1973 1838 1770 1448 1776 1812 1778 2030 1935 1716 
1637 2045 1817 1969 1846 1929 1891 1728 1865 1857 1940 1944 2050 1627 1886 1789 1778 1781 1931 1868 1976 1775 1725 1856 1911 1672 1783 1840 1956 1640 1882 1591 1875 1718 1808 1692 1616 1829 1754 2096 1822 1775 1704 1573 1930 2062 1678 1815 1513 1792 1900 1804 1712 1834 1770 1614 1843 1458 1686 1814 1996 1815 1692 1584 1743 1628 1977 1961 1690 1556 1806 1881 1633 1876 1591 1792 1573 1810 1451 1963 1791 1830 1878 1764 1758 1673 1792 1785 1956 1916 2005 1691 1588 1456 1566 1834 1621 2030 2068 1684 
1958 2097 2261 2337 2223 1943 2296 2129 2076 2301 2237 2420 2482 2049 2005 2233 2044 2150 2164 2064 2130 2018 1895 2097 2294 2065 2067 1938 2058 2053 2254 1896 2193 1952 2082 1798 1979 2120 2145 2246 2166 2325 1974 2075 2101 2265 1935 2220 1956 2161 2326 2217 1971 2147 2086 2107 2234 1759 2007 1952 2356 1882 1906 1929 2013 1833 2276 2203 1735 2066 2007 2359 2136 2265 2146 2325 1839 2166 1684 2169 2419 2062 2265 1872 2124 2137 2021 1984 2074 2083 2038 1985 1900 1910 2116 1983 1991 2310 2386 1963 
1632 1966 1912 2273 2049 2038 2038 1654 1784 1970 2029 2043 2147 1908 1978 1996 1992 1866 1913 1878 2005 1903 1887 1789 1987 1836 1885 1936 1877 1744 2115 1786 1989 1743 2086 1636 1710 2028 2005 2054 1963 1973 1856 1785 1896 2212 1783 2023 1552 2071 2115 1928 1809 1904 1895 2002 1826 1567 1783 1871 2247 1839 1828 1677 1746 1779 1996 2097 1709 1842 1933 2013 1842 2097 1766 1975 1649 1973 1596 2140 1923 1944 1965 1865 1886 1770 1854 1900 1888 1965 2129 1955 1603 1600 1862 1707 1630 1983 2000 1788 
1912 1950 2143 2234 2224 2235 2225 2038 2097 2230 2084 2128 2277 1881 2034 2149 2031 2101 1899 2121 2130 2220 1931 2020 2167 2040 2077 1892 1987 1903 2267 1910 2008 1827 2186 1907 1812 2082 2183 2248 2163 2320 2082 1821 2222 2322 1973 1984 1832 2122 2201 2324 2089 2353 1961 1898 2145 1825 1939 1898 2448 2052 2020 1695 1887 1809 2268 2151 1824 2049 1872 2186 2005 2327 2094 2256 2009 2192 1617 2253 2090 2036 2081 1893 1994 1972 2029 1991 2120 2248 2043 1958 1902 1748 1815 1939 1918 2276 2114 1780 
2086 2185 2199 2457 2245 2271 2375 2100 1968 2408 2423 2353 2520 2034 2225 2141 2218 2003 2281 2400 2326 2234 2188 2162 2370 2253 2130 2099 2165 1980 2282 1975 2259 1969 2264 2079 1970 2284 2093 2256 2286 2291 2269 2216 2340 2373 2082 2205 1919 2351 2344 2334 2000 2325 2230 2120 2265 1869 2148 2097 2344 2212 2160 2183 2021 2065 2339 2362 1861 2305 2017 2383 2321 2459 2117 2313 1981 2085 1801 2323 2110 2171 2370 2046 2176 1988 2073 2034 2202 2295 2160 2036 1967 1967 1901 2140 1986 2414 2418 2121 
1943 2086 2093 2310 2204 2004 2160 1993 1988 2076 2058 2141 2211 1944 1998 2106 2011 2027 2088 2145 2152 2119 1948 2044 2247 1896 1960 1968 2064 1661 2238 1719 2049 2009 2048 1782 1861 2047 2067 2176 2250 2184 1980 1961 1956 2221 1973 2090 1755 2236 2225 2116 1898 2092 2045 1745 2158 1743 2030 1941 2187 2130 2000 1779 1892 1775 2234 2194 1761 1793 1934 2327 2039 2257 1844 2184 1804 2008 1661 2053 2164 1991 1995 2082 1965 1870 2013 1982 2147 1992 2309 1958 2008 1793 1817 1889 1909 2127 2158 1889 
1909 2007 2150 2454 2165 2116 2318 1933 2051 2136 2185 2215 2284 1999 2194 2125 2148 1938 2070 2080 2283 1955 2123 2090 2323 1816 1752 1789 2107 1704 2284 1802 1983 2088 2107 1949 1681 1986 2084 2260 2106 2209 2044 2002 2100 2390 1958 2054 1740 2226 2112 2082 1896 2147 2095 2035 2122 1663 2082 1969 2255 2153 2010 1906 1991 1975 2188 2317 1893 2028 1974 2322 1990 2347 2024 2281 1924 2128 1705 2211 2169 2119 1926 2034 2187 2051 1839 2003 2245 2119 2234 1990 1970 1837 2023 1935 1832 2156 2190 1867 
1981 2058 2244 2265 2157 2234 2407 1887 1968 2173 2349 2086 2450 2002 2183 2164 2008 1999 2275 2077 2040 2136 2019 2080 2248 2125 2061 1903 2132 1995 2212 1881 1963 1949 2214 1887 1869 2099 2058 2280 2206 2236 2069 2051 2021 2505 2114 2243 1847 2083 2459 2206 1910 2169 2116 1988 2155 1793 2041 2036 2379 2047 2032 2020 1946 1902 2144 2200 1880 1990 1983 2298 2112 2383 2077 2376 1879 2201 1586 2387 2218 2086 2349 1995 2049 1922 2035 2061 2111 2195 1977 2169 1827 1810 1951 2099 1854 2145 2158 1786 
2085 2169 2129 2399 2275 2073 2164 2054 2035 2261 2268 2291 2354 1903 1980 2145 2100 2108 2029 2159 2154 2194 2015 2083 2300 1988 1977 2052 2058 1939 2340 1984 2075 2008 2075 1949 1812 2187 2042 2338 2356 2249 2131 1900 2338 2449 2069 2078 1868 2164 2387 2121 1874 2286 1979 1909 2180 1840 1843 2077 2354 2083 1938 1917 1755 1972 2379 2171 1935 2063 2038 2338 2043 2126 2015 2007 1846 2100 1752 2172 2150 2081 2254 1975 2193 1897 2105 2233 2187 2215 2033 1944 1957 1768 2018 2112 2009 2302 2096 1973 
1778 1752 1884 2028 1930 1890 2068 1754 1789 2070 1920 2008 1915 1728 1894 1957 1911 1858 2000 1872 1902 1980 1775 1849 1842 1711 1769 1696 1870 1720 2006 1705 1847 1865 1939 1778 1640 1855 1883 2007 2026 1976 1918 1737 1958 2060 1791 1971 1594 1826 1998 1923 1681 2000 1810 1723 2052 1647 1685 1776 2021 1898 1751 1696 1826 1578 2023 1943 1609 1794 1765 1993 1693 2098 1768 2010 1676 1901 1330 1928 2013 1771 2017 1755 1838 1795 1859 1970 1921 1933 1891 1692 1716 1724 1691 1808 1732 1891 1827 1729 
1955 1965 2218 2167 2171 2179 2234 2088 2044 2218 2165 2222 2146 2001 2041 2259 2114 2085 2057 1999 2044 2180 1962 2074 2380 1995 2018 2017 2102 1866 2270 1932 2085 1960 2035 1747 1920 1937 2094 2110 2066 2317 2077 2047 2108 2288 2009 2164 1873 2123 2214 2309 2104 2359 2070 1956 2145 1666 2073 1817 2438 1949 1982 1747 2039 1818 2264 2151 1800 2128 1848 2124 1886 2268 1954 2360 1835 2037 1562 2144 2277 2051 2203 2017 2019 1975 2013 1961 2195 2180 2086 1903 1926 1851 2023 1988 2014 2195 2152 1886 
2080 2263 2270 2575 2268 2199 2378 2289 2136 2652 2383 2622 2559 2221 2371 2381 2339 2118 2208 2364 2374 2245 2309 2167 2425 2280 2140 2152 2203 2157 2385 2017 2308 2176 2421 2066 2087 2289 2257 2499 2410 2336 2207 2204 2331 2415 2121 2323 2056 2294 2574 2459 2160 2469 2113 2205 2194 2002 2272 2040 2482 2208 2038 1953 2035 2105 2447 2517 2170 2094 2203 2569 2156 2371 2199 2553 2119 2185 1812 2340 2381 2251 2389 2101 2299 2256 2212 2162 2389 2384 2305 2178 2097 1980 2085 2165 2032 2463 2411 2027 
2092 2407 2204 2432 2249 2229 2478 2062 2188 2544 2458 2370 2379 2224 2238 2420 2083 2242 2229 2212 2351 2200 2037 2144 2256 2034 2065 2202 2159 2123 2372 1980 2304 2176 2305 1980 2036 2239 2053 2424 2237 2390 2008 2087 2273 2404 2034 2160 1805 1943 2431 2297 2071 2193 2068 2161 2279 1804 2026 2228 2372 1978 1973 2067 2039 1974 2417 2178 2010 2019 2091 2344 2014 2417 1979 2402 1927 2069 1785 2340 2337 2270 2520 2120 2084 2063 2277 2068 2152 2220 2077 2145 2120 1805 2072 2014 1986 2439 2334 2062 
2174 2219 2346 2428 2342 2208 2428 2148 2056 2385 2494 2401 2440 2281 2271 2322 2335 2284 2210 2350 2254 2287 2182 2179 2326 2210 2147 2260 2130 2054 2409 2110 2316 2183 2305 2096 2135 2281 2307 2341 2375 2394 2398 2161 2428 2494 2368 2505 2048 2258 2397 2455 2167 2443 2253 2202 2284 1987 2050 2073 2441 2406 2261 1937 2134 2041 2552 2337 2175 2085 2226 2534 2337 2431 2060 2506 2258 2277 1718 2293 2286 2206 2367 2163 2420 2160 2089 2429 2359 2341 2334 2111 2097 1824 2023 2131 2115 2460 2200 2032 
